29931       
0.00,325.000
0.02,325.000
0.04,325.000
0.06,325.000
0.08,325.000
0.10,325.000
0.12,325.000
0.14,325.000
0.16,325.000
0.18,325.000
0.20,325.000
0.22,325.000
0.24,325.000
0.26,325.000
0.28,325.000
0.30,325.000
0.32,325.000
0.34,325.000
0.36,325.000
0.38,325.000
0.40,325.000
0.42,325.000
0.44,325.000
0.46,325.000
0.48,325.000
0.50,325.000
0.52,325.000
0.54,325.000
0.56,325.000
0.58,325.000
0.60,325.000
0.62,325.000
0.64,325.000
0.66,325.000
0.68,325.000
0.70,325.000
0.72,325.000
0.74,325.000
0.76,325.000
0.78,325.000
0.80,325.000
0.82,325.000
0.84,325.000
0.86,325.000
0.88,325.000
0.90,325.000
0.92,325.000
0.94,325.000
0.96,325.000
0.98,325.000
1.00,325.000
1.02,325.000
1.04,325.000
1.06,325.000
1.08,325.000
1.10,325.000
1.12,325.000
1.14,325.000
1.16,325.000
1.18,325.000
1.20,325.000
1.22,325.000
1.24,325.000
1.26,325.000
1.28,325.000
1.30,325.000
1.32,325.000
1.34,325.000
1.36,325.000
1.38,325.000
1.40,325.000
1.42,325.000
1.44,325.000
1.46,325.000
1.48,325.000
1.50,325.000
1.52,325.000
1.54,325.000
1.56,325.000
1.58,  1.146
1.60,  1.082
1.62,  1.022
1.64,  0.967
1.66,  0.916
1.68,  0.869
1.70,  0.826
1.72,  0.785
1.74,  0.748
1.76,  0.713
1.78,  0.680
1.80,  0.650
1.82,  0.622
1.84,  0.595
1.86,  0.570
1.88,  0.547
1.90,  0.525
1.92,  0.505
1.94,  0.485
1.96,  0.467
1.98,  0.450
2.00,  0.434
2.02,  0.418
2.04,  0.404
2.06,  0.390
2.08,  0.377
2.10,  0.364
2.12,  0.352
2.14,  0.341
2.16,  0.330
2.18,  0.320
2.20,  0.310
2.22,  0.301
2.24,  0.292
2.26,  0.283
2.28,  0.275
2.30,  0.267
2.32,  0.259
2.34,  0.252
2.36,  0.245
2.38,  0.239
2.40,  0.232
2.42,  0.226
2.44,  0.220
2.46,  0.215
2.48,  0.209
2.50,  0.204
2.52,  0.199
2.54,  0.194
2.56,  0.189
2.58,  0.185
2.60,  0.181
2.62,  0.176
2.64,  0.172
2.66,  0.169
2.68,  0.165
2.70,  0.161
2.72,  0.158
2.74,  0.154
2.76,  0.151
2.78,  0.148
2.80,  0.145
2.82,  0.142
2.84,  0.139
2.86,  0.136
2.88,  0.133
2.90,  0.131
2.92,  0.128
2.94,  0.126
2.96,  0.124
2.98,  0.121
3.00,  0.119
3.04,  0.115
3.08,  0.111
3.12,  0.107
3.16,  0.103
3.20,  0.100
3.24,  0.096
3.28,  0.093
3.32,  0.090
3.36,  0.088
3.40,  0.085
3.44,  0.083
3.48,  0.080
3.52,  0.078
3.56,  0.076
3.60,  0.074
3.64,  0.071
3.68,  0.069
3.72,  0.068
3.76,  0.066
3.80,  0.064
3.84,  0.062
3.88,  0.061
3.92,  0.059
3.96,  0.057
4.00,  0.056
4.10,  0.052
4.20,  0.049
4.30,  0.047
4.40,  0.044
4.50,  0.000
4.60,  0.000
4.70,  0.000
4.80,  0.000
4.90,  0.000
5.00,  0.000
5.10,  0.000
5.20,  0.000
5.30,  0.000
5.40,  0.000
5.50,  0.000
5.60,  0.000
