Sensor Model:   GR-200A-30-CD-1.15
Serial Number:  29931
Data Format:    4      (Log Ohms/Kelvin)
SetPoint Limit: 1.15      (Kelvin)
Temperature coefficient:  1 (Negative)
Number of Breakpoints:   54

No.   Units      Temperature (K)

  1  1.57872         1.150
  2  1.59407         1.100
  3  1.60870         1.055
  4  1.62248         1.015
  5  1.63702         0.975
  6  1.65245         0.935
  7  1.66885         0.895
  8  1.68637         0.855
  9  1.70273         0.820
 10  1.72012         0.785
 11  1.73872         0.750
 12  1.75865         0.715
 13  1.78011         0.680
 14  1.79993         0.650
 15  1.82112         0.620
 16  1.84396         0.590
 17  1.86863         0.560
 18  1.89542         0.530
 19  1.91964         0.505
 20  1.93929         0.486
 21  1.95899         0.468
 22  1.97985         0.450
 23  2.00203         0.432
 24  2.02565         0.414
 25  2.05084         0.396
 26  2.07782         0.378
 27  2.10677         0.360
 28  2.13441         0.344
 29  2.16396         0.328
 30  2.19573         0.312
 31  2.23221         0.295
 32  2.26711         0.280
 33  2.30484         0.265
 34  2.34590         0.250
 35  2.38774         0.236
 36  2.43008         0.223
 37  2.47628         0.210
 38  2.52712         0.197
 39  2.57895         0.185
 40  2.63616         0.173
 41  2.69453         0.162
 42  2.75926         0.151
 43  2.83188         0.140
 44  2.90626         0.130
 45  2.98988         0.120
 46  3.07542         0.111
 47  3.17225         0.102
 48  3.27765         0.094
 49  3.39211         0.086
 50  3.52472         0.078
 51  3.67827         0.070
 52  3.85499         0.062
 53  4.03549         0.055
 54  4.17681         0.050
