Sensor Model:   GR-200A-30-CD-1.15A
Serial Number:  29931
Data Format:    4      (Log Ohms/Kelvin)
SetPoint Limit: 5.0      (Kelvin)
Temperature coefficient:  1 (Negative)
Number of Breakpoints:   28

No.   Units      Temperature (K)

  1  1.25443         5.000
  2  1.25937         4.780
  3  1.26437         4.580
  4  1.26995         4.380
  5  1.27677         4.160
  6  1.28336         3.970
  7  1.28901         3.820
  8  1.29510         3.670
  9  1.30171         3.520
 10  1.30889         3.370
 11  1.31619         3.230
 12  1.32412         3.090
 13  1.33277         2.950
 14  1.34220         2.810
 15  1.35247         2.670
 16  1.36367         2.530
 17  1.37590         2.390
 18  1.38835         2.260
 19  1.40097         2.140
 20  1.41487         2.020
 21  1.43029         1.900
 22  1.44732         1.780
 23  1.46605         1.660
 24  1.48509         1.550
 25  1.50443         1.450
 26  1.52650         1.350
 27  1.55530         1.230
 28  1.56352         1.200
