29931       
0.00,325.000
0.02,325.000
0.04,325.000
0.06,325.000
0.08,325.000
0.10,325.000
0.12,325.000
0.14,325.000
0.16,325.000
0.18,325.000
0.20,325.000
0.22,325.000
0.24,325.000
0.26,325.000
0.28,325.000
0.30,325.000
0.32,325.000
0.34,325.000
0.36,325.000
0.38,325.000
0.40,325.000
0.42,325.000
0.44,325.000
0.46,325.000
0.48,325.000
0.50,325.000
0.52,325.000
0.54,325.000
0.56,325.000
0.58,325.000
0.60,325.000
0.62,325.000
0.64,325.000
0.66,325.000
0.68,325.000
0.70,325.000
0.72,325.000
0.74,325.000
0.76,325.000
0.78,325.000
0.80,325.000
0.82,325.000
0.84,325.000
0.86,325.000
0.88,325.000
0.90,325.000
0.92,325.000
0.94,325.000
0.96,325.000
0.98,325.000
1.00,325.000
1.02,325.000
1.04,325.000
1.06,325.000
1.08,325.000
1.10,325.000
1.12,325.000
1.14,325.000
1.16,325.000
1.18,325.000
1.20,325.000
1.22,325.000
1.24,  5.868
1.26,  4.756
1.28,  4.066
1.30,  3.559
1.32,  3.162
1.34,  2.843
1.36,  2.575
1.38,  2.347
1.40,  2.150
1.42,  1.980
1.44,  1.831
1.46,  1.698
1.48,  1.579
1.50,  1.474
1.52,  1.379
1.54,  1.294
1.56,  1.213
1.58,  1.144
1.60,  1.080
1.62,  0.000
1.64,  0.000
1.66,  0.000
1.68,  0.000
1.70,  0.000
1.72,  0.000
1.74,  0.000
1.76,  0.000
1.78,  0.000
1.80,  0.000
1.82,  0.000
1.84,  0.000
1.86,  0.000
1.88,  0.000
1.90,  0.000
1.92,  0.000
1.94,  0.000
1.96,  0.000
1.98,  0.000
2.00,  0.000
2.02,  0.000
2.04,  0.000
2.06,  0.000
2.08,  0.000
2.10,  0.000
2.12,  0.000
2.14,  0.000
2.16,  0.000
2.18,  0.000
2.20,  0.000
2.22,  0.000
2.24,  0.000
2.26,  0.000
2.28,  0.000
2.30,  0.000
2.32,  0.000
2.34,  0.000
2.36,  0.000
2.38,  0.000
2.40,  0.000
2.42,  0.000
2.44,  0.000
2.46,  0.000
2.48,  0.000
2.50,  0.000
2.52,  0.000
2.54,  0.000
2.56,  0.000
2.58,  0.000
2.60,  0.000
2.62,  0.000
2.64,  0.000
2.66,  0.000
2.68,  0.000
2.70,  0.000
2.72,  0.000
2.74,  0.000
2.76,  0.000
2.78,  0.000
2.80,  0.000
2.82,  0.000
2.84,  0.000
2.86,  0.000
2.88,  0.000
2.90,  0.000
2.92,  0.000
2.94,  0.000
2.96,  0.000
2.98,  0.000
3.00,  0.000
3.04,  0.000
3.08,  0.000
3.12,  0.000
3.16,  0.000
3.20,  0.000
3.24,  0.000
3.28,  0.000
3.32,  0.000
3.36,  0.000
3.40,  0.000
3.44,  0.000
3.48,  0.000
3.52,  0.000
3.56,  0.000
3.60,  0.000
3.64,  0.000
3.68,  0.000
3.72,  0.000
3.76,  0.000
3.80,  0.000
3.84,  0.000
3.88,  0.000
3.92,  0.000
3.96,  0.000
4.00,  0.000
4.10,  0.000
4.20,  0.000
4.30,  0.000
4.40,  0.000
4.50,  0.000
4.60,  0.000
4.70,  0.000
4.80,  0.000
4.90,  0.000
5.00,  0.000
5.10,  0.000
5.20,  0.000
5.30,  0.000
5.40,  0.000
5.50,  0.000
5.60,  0.000
