4.39500980695278E-02   2.54450000000000E+04
4.81935368628874E-02   1.74314000000000E+04
5.19374411229892E-02   1.30437000000000E+04
5.67529947966099E-02   9.47720000000000E+03
6.36960673017554E-02   6.38430000000000E+03
7.36031847757841E-02   3.96697000000000E+03
8.39626913478259E-02   2.61974000000000E+03
9.55887863200347E-02   1.78250000000000E+03
1.12021455575938E-01   1.16516000000000E+03
1.27962792715232E-01   8.36810000000000E+02
1.45928709312508E-01   6.18810000000000E+02
1.62040043333049E-01   4.96168000000000E+02
1.81986878000182E-01   3.92156000000000E+02
2.03954698007347E-01   3.15939000000000E+02
2.29740406249196E-01   2.55810000000000E+02
2.59665644907982E-01   2.08493000000000E+02
2.89965662905883E-01   1.75314000000000E+02
3.09989772653976E-01   1.58420000000000E+02
3.29969779577749E-01   1.44728000000000E+02
3.67657563137635E-01   1.24271000000000E+02
4.17608635271147E-01   1.04974000000000E+02
4.75086707335043E-01   8.93680000000000E+01
5.34054554013328E-01   7.79470000000000E+01
6.08978644892530E-01   6.75060000000000E+01
6.85006387328302E-01   5.98600000000000E+01
7.63276543138892E-01   5.38930000000000E+01
8.54662646504865E-01   4.85931000000000E+01
9.50306433381502E-01   4.43181000000000E+01
1.05031479877999E+00   4.07703000000000E+01
1.14979742870172E+00   3.79172000000000E+01
1.20103845912503E+00   3.66537000000000E+01
1.30372002624453E+00   3.44621111077454E+01
1.40101111376269E+00   3.27510008686774E+01
1.60101198554411E+00   2.99397941647696E+01
1.80291267916376E+00   2.77886001608565E+01
1.99203260703484E+00   2.62128344473432E+01
2.20129585363009E+00   2.48078658171634E+01
2.40120452945203E+00   2.37109870858364E+01
2.60176607058118E+00   2.27916685552606E+01
2.80233149941423E+00   2.20170529055042E+01
2.99817042204423E+00   2.13695999513777E+01
3.20049355141347E+00   2.07937064356824E+01
3.39852698948713E+00   2.03038339744725E+01
3.59989734275637E+00   1.98682086557519E+01
3.80035963917950E+00   1.94883197766368E+01
4.00046101316340E+00   1.91536354961338E+01
4.20283549399717E+00   1.88546103960192E+01
4.60776758728875E+00   1.83541348811877E+01
5.00907055944578E+00   1.79617594616301E+01
5.51054431874488E+00   1.75842732610518E+01
6.21242666296774E+00   1.72123614548046E+01